=== Classification Report ===
              precision    recall  f1-score   support

   Acontecer      1.000     0.875     0.933         8
       Aluno      0.875     0.875     0.875         8
     Amarelo      0.889     1.000     0.941         8
     America      1.000     1.000     1.000         8
  Aproveitar      0.727     1.000     0.842         8
        Bala      0.889     1.000     0.941         8
       Banco      1.000     0.750     0.857         8
    Banheiro      1.000     0.875     0.933         8
     Barulho      1.000     0.750     0.857         8
       Cinco      1.000     1.000     1.000         8
    Conhecer      1.000     0.875     0.933         8
     Espelho      1.000     0.875     0.933         8
     Esquina      1.000     1.000     1.000         8
       Filho      0.833     0.625     0.714         8
        Maca      1.000     0.750     0.857         8
        Medo      0.615     1.000     0.762         8
        Ruim      0.750     0.750     0.750         8
        Sapo      0.800     1.000     0.889         8
      Vacina      0.875     0.875     0.875         8
     Vontade      0.889     1.000     0.941         8
           a      1.000     1.000     1.000        12
       ajuda      1.000     0.889     0.941         9
           b      1.000     1.000     1.000         6
           c      1.000     1.000     1.000         6
           d      1.000     1.000     1.000         6
           e      1.000     1.000     1.000         6
          eu      1.000     1.000     1.000         6
           f      1.000     0.833     0.909         6
           g      1.000     1.000     1.000        12
           h      1.000     1.000     1.000         6
           i      1.000     1.000     1.000         6
           j      1.000     1.000     1.000         6
           k      1.000     1.000     1.000         6
           l      1.000     1.000     1.000         6
           m      1.000     1.000     1.000         6
           n      1.000     1.000     1.000         6
         nao      1.000     1.000     1.000         6
           o      1.000     1.000     1.000         6
           p      0.857     1.000     0.923         6
   por favor      1.000     1.000     1.000         6
           q      1.000     1.000     1.000         6
        qual      1.000     1.000     1.000         6
        quer      1.000     1.000     1.000         6
           r      1.000     1.000     1.000         6
           s      1.000     1.000     1.000         6
         sim      1.000     1.000     1.000         6
           t      0.857     1.000     0.923         6
    tudo bem      1.000     1.000     1.000         6
           u      1.000     1.000     1.000         6
           v      1.000     1.000     1.000         6
        voce      1.000     1.000     1.000         6
           w      1.000     1.000     1.000         6
           x      0.833     0.833     0.833         6
           y      1.000     1.000     1.000         6
           z      1.000     0.833     0.909         6

    accuracy                          0.945       385
   macro avg      0.958     0.950     0.950       385
weighted avg      0.954     0.945     0.946       385

accuracy                          0.945      385

Average Precision (macro): 0.988
